cam_rot_full:
- - [0.9987546175672335, 0.02337796336033357, -0.04407589723706277]
  - [-0.029823090176936122, 0.9879661122854341, -0.15176806076346697]
  - [0.03999746467499599, 0.15289353094466737, 0.9874329197544734]
- - [0.9982587674050535, 0.012177565401874847, -0.057716030700546914]
  - [-0.0214710129667215, 0.9863506828334835, -0.16325233865431685]
  - [0.05494023026095077, 0.16420730000460984, 0.9848946815391327]
- - [0.9996861077412842, 0.022434873029620276, -0.011151791839265814]
  - [-0.023167672770940246, 0.9972339300342009, -0.07062398832494031]
  - [0.009536504991878986, 0.07086018106586724, 0.9974406698204422]
- - [0.9995463181439233, 0.01076591529003835, 0.028129218846153346]
  - [-0.00583240914803893, 0.9854423824275894, -0.16990966399521387]
  - [-0.029548957485111757, 0.16966851795016166, 0.9850580963212976]
- - [0.9924697684413114, 0.012132509140515802, -0.12188749300894303]
  - [-0.03096757764914182, 0.9876090553790735, -0.15384850622543755]
  - [0.11851062342505084, 0.15646455175281532, 0.9805478449214992]
- - [0.9998321002923926, 0.018093112231027237, -0.0029000887397815046]
  - [-0.018316902380572857, 0.9912685292800396, -0.13058022034813635]
  - [0.0005121641179537198, 0.13061141660966216, 0.9914335053543094]
- - [0.9967154057526169, -0.01442257908455796, -0.07968932894651562]
  - [0.005576991054166762, 0.9939018649835302, -0.11012710816616582]
  - [0.08079168958610808, 0.10932095862555503, 0.9907177352298745]
- - [0.9977656415046227, -0.040435096255355005, -0.05318578403755056]
  - [0.037251462743682684, 0.9975302498562344, -0.05954602543591516]
  - [0.05546217770990257, 0.05743173001554811, 0.9968076761497658]
- - [0.9969251595706411, 0.0657949958221463, -0.042558721078240845]
  - [-0.0697047832678979, 0.9927361969434126, -0.09806164626348617]
  - [0.035797617303769395, 0.10072666877790341, 0.9942699174732581]
- - [0.9947505598915536, 0.08071071515695309, -0.06290551688281314]
  - [-0.09040093685298885, 0.9811754414994791, -0.1706529332135962]
  - [0.04794782801694597, 0.17544381852078855, 0.9833211440477124]
cam_tra_full:
- - [-69.83225915346192]
  - [-84.58485079999758]
  - [442.2214124689971]
- - [-68.60304984527394]
  - [-84.69862830085331]
  - [438.061910672832]
- - [-68.8917114254346]
  - [-84.89482656644753]
  - [430.2729802926206]
- - [-70.44193377401878]
  - [-85.57368176395433]
  - [440.8209613985969]
- - [-67.8850458208898]
  - [-81.73768082644213]
  - [431.8071595497077]
- - [-67.34783099322378]
  - [-82.05069812563904]
  - [435.863598680656]
- - [-71.48023088586721]
  - [-88.87358537240908]
  - [433.6327987709229]
- - [-74.2450281726472]
  - [-90.37205267963958]
  - [430.0548479444357]
- - [-63.828246846485754]
  - [-82.152585375478]
  - [434.27557402218224]
- - [-63.94145832706323]
  - [-80.91540367928778]
  - [439.26606677957074]
mic1_rot_full:
- - [0.9883781423559111, -0.003781831777909585, -0.15196823833117867]
  - [-0.0010851547257930843, 0.9994894977659704, -0.03193064820434124]
  - [0.15201141454607747, 0.03172446380842243, 0.9878694692335465]
- - [0.9871955066881335, -0.007834204261911042, -0.1593224931337129]
  - [0.008977117278635514, 0.9999388695808, 0.006455111682804529]
  - [0.15926218301946313, -0.007802713954420648, 0.9872054875834213]
- - [0.9986547199640162, -0.011274734469342605, 0.05061255433425656]
  - [0.00632485881023043, 0.995272625238144, 0.09691438289853331]
  - [-0.0514659737557049, -0.09646388865383095, 0.9940050159486914]
- - [0.9950433494673951, -0.016431472519146693, 0.09807517214647067]
  - [0.015575363252564728, 0.9998336751879033, 0.00948841503101639]
  - [-0.09821476844272446, -0.007913827841360242, 0.9951337752225272]
- - [0.9975483780063055, -0.013615806378728168, -0.0686428681921596]
  - [0.009780590794602438, 0.9983883735380913, -0.055901660330202156]
  - [0.06929338771266526, 0.055093242785497244, 0.9960738732738053]
- - [0.9922216888310814, -0.014179843268463834, 0.12367316709002989]
  - [0.00823950505924242, 0.9987934455666674, 0.048412432798231445]
  - [-0.12421042939131709, -0.04701686014555159, 0.9911413542439232]
- - [0.9985345256558625, -0.041765491075885224, -0.03441576424273705]
  - [0.044123697947712114, 0.9965085101433452, 0.07087939398238079]
  - [0.031335289254139205, -0.0722940728350578, 0.9968910004008857]
- - [0.9970913744222284, -0.07293509756412508, 0.022119281093725258]
  - [0.0709717398362898, 0.9943167372926459, 0.07935513899123006]
  - [-0.02778134621291185, -0.07755448074108293, 0.9966009729674056]
- - [0.99569012510293, 0.0320775651299402, 0.0870184152225616]
  - [-0.04157105359157043, 0.9931084015975383, 0.10957896777972156]
  - [-0.08290369277540341, -0.11272414333991154, 0.9901617268065276]
- - [0.9979496995009265, 0.05971863709287863, -0.02302350211804614]
  - [-0.059820714210979085, 0.9982020180752064, -0.0037700479935684115]
  - [0.0227569641494418, 0.005139600602625156, 0.9997278155019728]
mic1_tra_vect:
- - [-8.999922902742822]
  - [-6.246550309880328]
  - [207.32085873075707]
- - [-8.49506949976661]
  - [-6.429684506223552]
  - [198.94411148934407]
- - [-8.944074621027882]
  - [-7.99773410785843]
  - [204.97804050738466]
- - [-9.15266914112391]
  - [-6.808277540303183]
  - [203.04730431831604]
- - [-8.16035515567328]
  - [-4.4412459617207585]
  - [202.20806234067703]
- - [-7.045794896194936]
  - [-4.431525354506209]
  - [203.74354765280435]
- - [-7.172980273060942]
  - [-9.489571595824549]
  - [204.85218696240574]
- - [-6.957325658758197]
  - [-9.778396168921997]
  - [206.092886340314]
- - [-9.06602619531358]
  - [-6.958297707763913]
  - [206.5765428495839]
- - [-11.471160316281836]
  - [-6.125296927011224]
  - [203.9928694520279]
mic2_rot_full:
- - [0.986653383155038, -0.0006974503524116819, -0.16283308960934134]
  - [0.014905440796878482, 0.9961793506668686, 0.0860495737327436]
  - [0.16215094616858888, -0.08732820201940522, 0.9828941223695915]
- - [0.9745384493149608, -0.003522254984950656, -0.22419278428756909]
  - [0.010397454845876498, 0.9995108991907138, 0.02949330994816692]
  - [0.22397924845735032, -0.031073398893453428, 0.9740984242578821]
- - [0.9661822982412679, 0.01845314634145107, 0.2571988490552061]
  - [0.01340952414499032, 0.992490867179813, -0.12158150857292233]
  - [-0.2575110701065619, 0.12091881555309603, 0.958679659123844]
- - [0.9812679020158918, -0.00730942337326635, -0.19250942003777544]
  - [0.01825379523718067, 0.9983118190682645, 0.05513901402865077]
  - [0.19178139490776835, -0.057620172149716924, 0.9797447689723419]
- - [0.9685021233479448, 0.00226536923562572, -0.24899499025632754]
  - [0.01993423101597715, 0.9960437818662472, 0.0865991399459912]
  - [0.24820609078812716, -0.08883497457538891, 0.9646253592912981]
- - [0.958551679127284, 0.01543738850144308, 0.2845002029498748]
  - [0.011745342172337301, 0.9955413087108014, -0.09359246544268197]
  - [-0.28467652762305357, 0.09305476713549078, 0.9540964756951157]
- - [0.9721251519686307, -0.033500990473906186, -0.23205683042572536]
  - [0.05108876048951572, 0.996223882435029, 0.07019910695815405]
  - [0.22882881693880144, -0.0800978133493337, 0.9701658171854148]
- - [0.9754940900356069, -0.05473622551863745, -0.21310848392679266]
  - [0.07578381344061529, 0.9928822694608557, 0.09187824884410252]
  - [0.2065625666136079, -0.10577686233876325, 0.9726989058633536]
- - [0.9800589418094143, 0.05230759133682143, -0.19169868666204057]
  - [-0.03796968677019559, 0.9962518541995351, 0.07772094885268371]
  - [0.19504556766556977, -0.06889237180216926, 0.9783716408612257]
- - [0.9815381781793223, 0.062293184212028015, -0.18083794949385817]
  - [-0.049367977797146946, 0.9959517400833291, 0.07511946614033667]
  - [0.18478530121369846, -0.06480502006569495, 0.9806399450510098]
mic2_tra_vect:
- - [7.938071989006225]
  - [-2.4376427601866464]
  - [304.14899935600647]
- - [9.785941631390626]
  - [-2.7105965570270847]
  - [289.83056747875236]
- - [8.628958379197076]
  - [-4.206108869788786]
  - [298.82363102172644]
- - [8.68718526449312]
  - [-3.0319099657784285]
  - [293.3713038868104]
- - [9.532870649148862]
  - [-0.699199649267457]
  - [293.3047924590239]
- - [10.543003125561961]
  - [-0.6388694712657045]
  - [296.90285814469945]
- - [10.409003002718348]
  - [-5.687501167520497]
  - [297.0143617110658]
- - [10.523505014217369]
  - [-5.942096583055035]
  - [298.14160908499287]
- - [8.247657284161658]
  - [-3.151609571458873]
  - [300.6384037816226]
- - [6.294003044209092]
  - [-2.3665839907208963]
  - [298.37254318671853]
