disparity_to_depth_mapping_matrix:
- [1.0, 0.0, 0.0, 10703.645141601562]
- [0.0, 1.0, 0.0, -606.0729026794434]
- [0.0, 0.0, 0.0, 12663.164393530406]
- [0.0, 0.0, -0.010613426513337555, 0.0]
essential_matrix:
- [0.19717499168216449, -64.69232310597624, -0.3986979655065157]
- [46.929457933479405, -0.0753096730086672, -81.69832552967515]
- [0.28577639322346865, 68.50078020297231, -0.43879557796776336]
fundamental_matrix:
- [-4.418928528692552e-09, 1.6735727596271626e-06, -0.0008246830428743552]
- [-1.4657896953296066e-06, 2.715211056507961e-09, 0.047403860346751744]
- [0.0007858169541660369, -0.04568662290936285, 1.0]
left_camera_matrix:
- [17971.42152387741, 0.0, 1055.2463449691763]
- [0.0, 15568.821006740687, 591.5047004747547]
- [0.0, 0.0, 1.0]
left_dist_coeff:
- [-2.875086250765849, -1151.703507848426, 0.0, 0.0, -2.0441009862740263]
left_projection_coordinate_matrix:
- [12663.164393530406, 0.0, -10703.645141601562, 0.0]
- [0.0, 12663.164393530406, 606.0729026794434, 0.0]
- [0.0, 0.0, 1.0, 0.0]
left_rotation_matrix:
- [0.8671219006839901, -0.0004268671717347066, 0.4980958011654005]
- [0.0012966877295082903, 0.9999981787764736, -0.0014003730460258235]
- [-0.4980942962483274, 0.0018601688508273135, 0.867120874974608]
mic1Tmic2:
- [0.972407076378621, 0.004401299167327702, -0.23324902223679825, 68.49938933690888]
- [-0.005505810830883687, 0.9999765013867828, -0.004084448719726014, -0.681732053423912]
- [0.23322556432749228, 0.0052559718310915705, 0.972408458881469, 64.69026007290746]
- [0.0, 0.0, 0.0, 1.0]
mic2Tmic1:
- [0.972407076378621, -0.0055058108308836855, 0.23322556432749228, -81.70046681854404]
- [0.004401299167327704, 0.9999765013867827, 0.005255971831091569, 0.040219543725888304]
- [-0.23324902223679825, -0.004084448719726015, 0.9724084588814689, -46.93072501509841]
- [0.0, 0.0, 0.0, 1.0]
right_camera_matrix:
- [24926.15671160629, 0.0, 904.2473484955315]
- [0.0, 17885.222237087433, 642.2906553768246]
- [0.0, 0.0, 1.0]
right_dist_coeff:
- [-0.5576860114527749, -1438.309614019195, 0.0, 0.0, -1.9584685752111743]
right_projection_coordinate_matrix:
- [12663.164393530406, 0.0, -10703.645141601562, 1193126.8735518174]
- [0.0, 12663.164393530406, 606.0729026794434, 0.0]
- [0.0, 0.0, 1.0, 0.0]
right_rotation_matrix:
- [0.7270132349357805, -0.007235513050801404, 0.6865853214124982]
- [0.005988835119357576, 0.9999732606406021, 0.00419664839071798]
- [-0.6865973274650322, 0.0010608273628866583, 0.7270371273622699]
roi_left: [0, 0, 0, 0]
roi_right: [414, 62, 866, 962]
rotation_matrix:
- [0.972407076378621, 0.004401299167327702, -0.23324902223679825]
- [-0.005505810830883687, 0.9999765013867828, -0.004084448719726014]
- [0.23322556432749228, 0.0052559718310915705, 0.972408458881469]
stereo_ret: 2.365516562318911
translation_vector:
- [68.49938933690888]
- [-0.681732053423912]
- [64.69026007290746]
