M_T_m:
- [1.0, 0.0, 0.0, 60.75]
- [0.0, 1.0, 0.0, -110.0]
- [0.0, 0.0, 1.0, 0.0]
- [0.0, 0.0, 0.0, 1.0]
cam_T_M:
- - [0.9960414568468262, 0.04199753929247694, -0.07834298268402204, -58.07067151117659]
  - [-0.036775384152230854, 0.9970783928368053, 0.06694960536425289, -51.46756105562778]
  - [0.0809258139465274, -0.06380348917849406, 0.9946758906325929, 296.7018545386646]
  - [0.0, 0.0, 0.0, 1.0]
- - [0.9971614552284709, 0.01907091014718486, -0.07283771408272177, -55.92572119785096]
  - [-0.014161957153411574, 0.9976304331702349, 0.06732724398157358, -52.74941338176157]
  - [0.07394911207190563, -0.06610460799919626, 0.9950686959326221, 297.6973098376097]
  - [0.0, 0.0, 0.0, 1.0]
- - [0.9970876476945448, 0.05383578093064876, -0.05401788135929148, -60.96402673539088]
  - [-0.05018512293070521, 0.9965032808873105, 0.06680317819726658, -50.5976114061037]
  - [0.05742539726801462, -0.06389772979075972, 0.9963028675438999, 298.85118693109]
  - [0.0, 0.0, 0.0, 1.0]
- - [0.9972621910326486, 0.03914197057890642, -0.0627377755101435, -60.31945499621449]
  - [-0.02954613061753682, 0.9886695448937626, 0.14717186268132848, -53.18039030371906]
  - [0.06778752468037605, -0.14491527572606133, 0.9871192503233573, 282.5747137643442]
  - [0.0, 0.0, 0.0, 1.0]
- - [0.9969144234859715, 0.022913207398818955, -0.07507740786902474, -56.933018012296415]
  - [-0.011929294858974737, 0.989563019257478, 0.14360613789873983, -54.225023480806186]
  - [0.07758430363031447, -0.14226740963665202, 0.9867829852533313, 281.3090657772699]
  - [0.0, 0.0, 0.0, 1.0]
- - [0.9962911430413721, 0.04921792322935084, -0.0705801270210376, -60.26567886077444]
  - [-0.038034526542763486, 0.9876713129830261, 0.15185108593965665, -52.74603031513547]
  - [0.07718376181544855, -0.14860341026832088, 0.9858801617684784, 282.12612333353496]
  - [0.0, 0.0, 0.0, 1.0]
- - [0.9970376383951349, 0.052601141199780294, -0.056116553421720373, -57.06913693498794]
  - [-0.0523198381906681, 0.9986094115706893, 0.006471294626577388, -49.24675653410396]
  - [0.056378915874237316, -0.00351611531699942, 0.9984032525878125, 291.1222921896841]
  - [0.0, 0.0, 0.0, 1.0]
- - [0.9997377864596123, 0.020245545695667437, 0.010699355322604017, -59.96756116015617]
  - [-0.02078155573014296, 0.9983984194389939, 0.052618656417222624, -54.164351429912685]
  - [-0.0096169260301645, -0.052827208341946326, 0.9985573597908769, 293.92369130859475]
  - [0.0, 0.0, 0.0, 1.0]
- - [0.977294589981061, 0.03466221936821729, -0.20903065550827574, -56.135794560034775]
  - [-0.022386570701725287, 0.9978983012050439, 0.06080971883099074, -53.631538353044114]
  - [0.21069913584532454, -0.054749529683432684, 0.9760165793435459, 275.1197593111352]
  - [0.0, 0.0, 0.0, 1.0]
cam_T_mic1:
- [0.9267774895134442, 0.02749699510691794, -0.37460299009918174, 136.0158923094835]
- [-0.009085458373691463, 0.9986661221711565, 0.05082746180721935, -179.78514911811268]
- [0.3755009179446802, -0.043702307578828745, 0.9257911043723567, -27.198229923097244]
- [0.0, 0.0, 0.0, 1.0]
cam_T_mic2:
- [0.9991674537287101, 0.02391377333267924, -0.03305345449841652, 16.11006476661236]
- [-0.018469844929831107, 0.9875583483358962, 0.15616457171953133, -234.88364404955635]
- [0.036376699101947726, -0.15542406530865774, 0.9871778440004498, -195.2003691041812]
- [0.0, 0.0, 0.0, 1.0]
m_T_M:
- [1.0, 0.0, 0.0, -60.75]
- [0.0, 1.0, 0.0, 110.0]
- [0.0, 0.0, 1.0, 0.0]
- [0.0, 0.0, 0.0, 1.0]
mic1_T_cam:
- [0.9267774895134444, -0.009085458373691471, 0.37550091794468027, -117.47693739444117]
- [0.027496995106917943, 0.9986661221711566, -0.04370230757882876, 174.6166839587529]
- [-0.3746029900991818, 0.05082746180721935, 0.9257911043723568, 85.26986207792442]
- [0.0, 0.0, 0.0, 1.0]
mic2_T_cam:
- [0.9991674537287103, -0.01846984492983111, 0.036376699101947726, -13.334171782917704]
- [0.02391377333267924, 0.9875583483358962, -0.1554240653086577, 201.23721621557056]
- [-0.033053454498416526, 0.15616457171953135, 0.9871778440004498, 229.9104764900092]
- [0.0, 0.0, 0.0, 1.0]
